     A    R    N    D    C    Q    E    G    H    I    L    K    M    F    P    S    T    W    Y    V
A   1.0 -0.3 -0.2 -0.3 -0.1 -0.2 -0.2  0.0 -0.3 -0.2 -0.4 -0.2 -0.2 -0.5 -0.1  0.2  0.0 -0.3 -0.3  0.0
R  -0.3  1.0 -0.1 -0.3 -0.4  0.1  0.0 -0.4  0.0 -0.7 -0.5  0.5 -0.3 -0.4 -0.4 -0.2 -0.2 -0.3 -0.1 -0.5
N  -0.2 -0.1  1.0  0.3 -0.2  0.0  0.0  0.0  0.1 -0.5 -0.7  0.0 -0.3 -0.5 -0.2  0.2  0.0 -0.4 -0.3 -0.5
D  -0.3 -0.3  0.3  1.0 -0.4  0.0  0.3 -0.1 -0.1 -0.6 -0.6 -0.1 -0.5 -0.6 -0.1  0.0 -0.2 -0.5 -0.4 -0.6
C  -0.1 -0.4 -0.2 -0.4  1.0 -0.3 -0.3 -0.3 -0.3 -0.2 -0.2 -0.3 -0.2 -0.2 -0.4 -0.1 -0.1 -0.4 -0.3 -0.1
Q  -0.2  0.1  0.0  0.0 -0.3  1.0  0.3 -0.3  0.1 -0.5 -0.3  0.3  0.0 -0.5 -0.1  0.0 -0.2 -0.1 -0.1 -0.5
E  -0.2  0.0  0.0  0.3 -0.3  0.3  1.0 -0.4  0.0 -0.7 -0.5  0.2 -0.3 -0.4 -0.1 -0.2 -0.2 -0.3 -0.3 -0.5
G   0.0 -0.4  0.0 -0.1 -0.3 -0.3 -0.4  1.0 -0.2 -0.6 -0.6 -0.3 -0.4 -0.5 -0.2  0.0 -0.3 -0.3 -0.4 -0.6
H  -0.3  0.0  0.1 -0.1 -0.3  0.1  0.0 -0.2  1.0 -0.6 -0.4  0.0 -0.1 -0.1 -0.2 -0.1 -0.3 -0.2  0.2 -0.6
I  -0.2 -0.7 -0.5 -0.6 -0.2 -0.5 -0.7 -0.6 -0.6  1.0  0.4 -0.5  0.3  0.0 -0.4 -0.6 -0.2 -0.3 -0.2  0.8
L  -0.4 -0.5 -0.7 -0.6 -0.2 -0.3 -0.5 -0.6 -0.4  0.4  1.0 -0.5  0.5  0.2 -0.6 -0.6 -0.2 -0.2 -0.2  0.2
K  -0.2  0.5  0.0 -0.1 -0.3  0.3  0.2 -0.3  0.0 -0.5 -0.5  1.0 -0.3 -0.6 -0.1  0.0 -0.2 -0.3 -0.3 -0.5
M  -0.2 -0.3 -0.3 -0.5 -0.2  0.0 -0.3 -0.4 -0.1  0.3  0.5 -0.3  1.0  0.0 -0.4 -0.3 -0.2 -0.1  0.0  0.2
F  -0.5 -0.4 -0.5 -0.6 -0.2 -0.5 -0.4 -0.5 -0.1  0.0  0.2 -0.6  0.0  1.0 -0.4 -0.5 -0.3  0.1  0.5 -0.2
P  -0.1 -0.4 -0.2 -0.1 -0.4 -0.1 -0.1 -0.2 -0.2 -0.4 -0.6 -0.1 -0.4 -0.4  1.0 -0.1 -0.1 -0.3 -0.3 -0.4
S   0.2 -0.2  0.2  0.0 -0.1  0.0 -0.2  0.0 -0.1 -0.6 -0.6  0.0 -0.3 -0.5 -0.1  1.0  0.4 -0.5 -0.3 -0.4
T   0.0 -0.2  0.0 -0.2 -0.1 -0.2 -0.2 -0.3 -0.3 -0.2 -0.2 -0.2 -0.2 -0.3 -0.1  0.4  1.0 -0.3 -0.3  0.0
W  -0.3 -0.3 -0.4 -0.5 -0.4 -0.1 -0.3 -0.3 -0.2 -0.3 -0.2 -0.3 -0.1  0.1 -0.3 -0.5 -0.3  1.0  0.2 -0.3
Y  -0.3 -0.1 -0.3 -0.4 -0.3 -0.1 -0.3 -0.4  0.2 -0.2 -0.2 -0.3  0.0  0.5 -0.3 -0.3 -0.3  0.2  1.0 -0.2
V   0.0 -0.5 -0.5 -0.6 -0.1 -0.5 -0.5 -0.6 -0.6  0.8  0.2 -0.5  0.2 -0.2 -0.4 -0.4  0.0 -0.3 -0.2  1.0
